1835.558960 , -199.695999, 0
1915.577026 , -119.566002, 1
1995.581055 , -199.699997, 2
2422.437012 , -199.695999, 3
2502.458984 , -119.695999, 4
2582.437012 , -199.695999, 5
2802.222900 , -279.739990, 6
2722.200928 , -199.735992, 7
2607.925049 , -199.733994, 8
2626.263916 , -187.660004, 9
2657.238037 , -115.945000, 10
2712.343018 , -199.738998, 11
406.420013 , -159.789993, 12
475.582001 , -199.626007, 13
303.098999 , 118.231003, 14
279.582001 , 59.805000, 15
485.600006 , 162.912003, 16
468.230011 , 165.985001, 17
554.825989 , -199.632996, 18
625.786987 , -156.574005, 19
649.023987 , -111.935997, 20
702.221985 , -199.636993, 21
763.903992 , -40.807999, 22
675.244995 , -61.519001, 23
651.145020 , 41.740002, 24
739.804016 , 62.451000, 25
723.370972 , 30.931000, 26
735.226013 , -19.816999, 27
691.655029 , -29.995001, 28
679.801025 , 20.752001, 29
764.007019 , 108.944000, 30
738.992981 , 166.018005, 31
621.073975 , 198.059998, 32
577.867004 , 197.709000, 33
287.087006 , 46.874001, 34
454.609985 , 162.046005, 35
510.515015 , 144.675003, 36
529.520020 , 183.714005, 37
516.749023 , 180.029999, 38
710.458984 , 173.776993, 39
661.831970 , -87.337997, 40
779.452026 , -52.175999, 41
882.159973 , -127.366997, 42
959.814026 , -184.205994, 43
807.669006 , -199.645996, 44
858.534973 , -199.643997, 45
1007.065002 , -199.651993, 46
2782.062988 , -385.476990, 47
2802.222900 , -339.479004, 48
2832.154053 , -356.839996, 49
2822.362061 , -362.441010, 50
2802.200928 , -397.101013, 51
2802.222900 , -408.442993, 52
2772.270020 , -391.079010, 53
2600.175049 , -489.540985, 54
2568.908936 , -522.096985, 55
2502.245117 , -599.447998, 56
2549.177979 , -560.025024, 57
2669.732910 , -449.752014, 58
2558.052002 , -543.000977, 59
2400.782959 , -631.395996, 60
2389.761963 , -660.960022, 61
2414.573975 , -627.062988, 62
2464.751953 , -782.690002, 63
2508.623047 , -800.492004, 64
2704.780029 , -758.924988, 65
2669.423096 , -759.807007, 66
2575.197021 , -783.648010, 67
2432.378906 , -730.114990, 68
2947.354004 , -807.590027, 69
3013.510010 , -667.054993, 70
2754.333008 , -768.867004, 71
2802.222900 , -729.651978, 72
2802.222900 , -745.702026, 73
2834.333008 , -784.916016, 74
2802.228027 , -649.900024, 75
2802.228027 , -339.479004, 76
2735.783936 , -441.428009, 77
2690.674072 , -437.752991, 78
2831.759033 , -519.408020, 79
2895.789062 , -571.408997, 80
2802.201904 , -457.329987, 81
2591.247070 , -606.422974, 82
2580.687988 , -579.500977, 83
2600.525879 , -654.187988, 84
2594.312012 , -778.802002, 85
2609.365967 , -757.846008, 86
2605.544922 , -709.362976, 87
2637.531006 , -745.434021, 88
2834.354980 , -784.919983, 89
2862.395020 , -790.541992, 90
2602.083008 , -665.447998, 91
2973.802002 , -275.842010, 92
2993.855957 , -238.389008, 93
2902.563965 , -316.585999, 94
2563.297119 , -532.903015, 95
2564.031006 , -552.664978, 96
2965.847900 , 171.759003, 97
2886.011963 , 246.307999, 98
3046.385010 , 246.307999, 99
2966.593994 , 160.850006, 100
2993.877930 , -238.701004, 101
2991.211914 , -199.388000, 102
2684.387939 , -53.084999, 103
2690.923096 , -21.361000, 104
2866.288086 , 246.304001, 105
2792.822998 , 198.029007, 106
2730.946045 , 246.304001, 107
2690.946045 , 206.304001, 108
2672.657959 , -80.245003, 109
2782.349121 , 173.772995, 110
2690.923096 , 398.282990, 111
2610.923096 , 478.282990, 112
2583.754883 , 478.281006, 113
2690.945068 , 181.712006, 114
2690.909912 , 326.308014, 115
2770.931885 , 246.304001, 116
1915.583008 , -54.453999, 117
1895.561035 , -34.450001, 118
1832.220947 , -34.452000, 119
1679.933960 , -34.450001, 120
2818.513916 , 246.306000, 121
2996.360107 , 246.304001, 122
3256.617920 , 246.307999, 123
801.815979 , 181.557007, 124
1579.168945 , -34.449001, 125
2502.458984 , -74.459999, 126
2462.437012 , -34.456001, 127
2362.709961 , -34.457001, 128
2690.940918 , 141.712006, 129
2670.918945 , 161.716003, 130
2763.988037 , 161.701996, 131
2617.034912 , 161.714996, 132
3450.732910 , 246.307999, 133
3613.883057 , 246.309998, 134
2410.894043 , 594.403992, 135
2390.894043 , 574.403992, 136
2390.916016 , 498.268005, 137
2410.916016 , 478.268005, 138
2468.759033 , 594.370972, 139
2390.894043 , 514.403992, 140
2390.894043 , 558.276001, 141
2470.894043 , 478.276001, 142
2754.471924 , 594.403992, 143
2794.495117 , 554.400024, 144
2754.495117 , 478.292999, 145
2794.471924 , 518.296997, 146
2794.471924 , 518.317993, 147
2942.080078 , -574.786987, 148
2954.648926 , -619.231995, 149
2948.225098 , -290.470001, 150
2931.444092 , -341.239014, 151
2972.480957 , -488.808014, 152
2970.336914 , -430.045013, 153
2690.946045 , 201.804001, 154
2650.946045 , 241.804001, 155
2617.045898 , 241.806000, 156
2690.937012 , 281.803986, 157
2650.907959 , 81.674004, 158
2690.920898 , 121.057999, 159
2690.929932 , 41.669998, 160
2617.034912 , 81.669998, 161
2802.200928 , -397.157990, 162
756.335022 , 161.298996, 163
2600.549072 , -654.192017, 164
2669.766113 , -449.752014, 165
2563.274902 , -532.898987, 166
2563.287109 , -532.898987, 167
2575.179932 , -783.664978, 168
2594.333984 , -778.802002, 169
2772.292969 , -391.083008, 170
2802.228027 , -457.329987, 171
2802.219971 , -457.329987, 172
2948.225098 , -290.503998, 173
2690.946045 , 206.466003, 174
2690.947998 , 281.803986, 175
2690.920898 , 141.712006, 176
2690.902100 , 41.669998, 177
2690.902100 , 121.111000, 178
812.601990 , 202.294006, 179
0.000000 , 0.500000, 0
