1 , 46 , 2 , -1
1835.558960 , -199.695999, 0
0 , 2 , 117 , -1
1915.577026 , -119.566002, 1
1 , 3 , 0 , -1
1995.581055 , -199.699997, 2
4 , 2 , 5 , -1
2422.437012 , -199.695999, 3
3 , 5 , 126 , -1
2502.458984 , -119.695999, 4
4 , 3 , 8 , -1
2582.437012 , -199.695999, 5
7 , 76 , -1 , -1
2802.222900 , -279.739990, 6
6 , 11 , -1 , -1
2722.200928 , -199.735992, 7
9 , 5 , 11 , -1
2607.925049 , -199.733994, 8
8 , 10 , -1 , -1
2626.263916 , -187.660004, 9
11 , 9 , 109 , -1
2657.238037 , -115.945000, 10
10 , 8 , 7 , -1
2712.343018 , -199.738998, 11
13 , 34 , -1 , -1
406.420013 , -159.789993, 12
12 , 18 , -1 , -1
475.582001 , -199.626007, 13
15 , 35 , -1 , -1
303.098999 , 118.231003, 14
14 , 34 , -1 , -1
279.582001 , 59.805000, 15
17 , 36 , -1 , -1
485.600006 , 162.912003, 16
16 , 35 , 38 , -1
468.230011 , 165.985001, 17
19 , 13 , 21 , -1
554.825989 , -199.632996, 18
18 , 20 , -1 , -1
625.786987 , -156.574005, 19
21 , 40 , 19 , -1
649.023987 , -111.935997, 20
20 , 18 , 44 , -1
702.221985 , -199.636993, 21
23 , 27 , 41 , -1
763.903992 , -40.807999, 22
22 , 28 , 40 , -1
675.244995 , -61.519001, 23
25 , 36 , 29 , -1
651.145020 , 41.740002, 24
24 , 30 , 26 , -1
739.804016 , 62.451000, 25
27 , 25 , 28 , -1
723.370972 , 30.931000, 26
26 , 22 , 29 , -1
735.226013 , -19.816999, 27
29 , 23 , 26 , -1
691.655029 , -29.995001, 28
28 , 24 , 27 , -1
679.801025 , 20.752001, 29
31 , 25 , 124 , -1
764.007019 , 108.944000, 30
30 , 39 , 163 , -1
738.992981 , 166.018005, 31
33 , 39 , -1 , -1
621.073975 , 198.059998, 32
32 , 37 , -1 , -1
577.867004 , 197.709000, 33
12 , 15 , -1 , -1
287.087006 , 46.874001, 34
14 , 17 , -1 , -1
454.609985 , 162.046005, 35
16 , 24 , 38 , -1
510.515015 , 144.675003, 36
33 , 38 , -1 , -1
529.520020 , 183.714005, 37
17 , 37 , 36 , -1
516.749023 , 180.029999, 38
32 , 31 , -1 , -1
710.458984 , 173.776993, 39
23 , 20 , -1 , -1
661.831970 , -87.337997, 40
22 , 42 , -1 , -1
779.452026 , -52.175999, 41
41 , 43 , 45 , -1
882.159973 , -127.366997, 42
42 , 46 , -1 , -1
959.814026 , -184.205994, 43
21 , 45 , -1 , -1
807.669006 , -199.645996, 44
46 , 44 , 42 , -1
858.534973 , -199.643997, 45
45 , 43 , 0 , -1
1007.065002 , -199.651993, 46
48 , 53 , 50 , -1
2782.062988 , -385.476990, 47
47 , 49 , -1 , -1
2802.222900 , -339.479004, 48
48 , 50 , 94 , -1
2832.154053 , -356.839996, 49
51 , 47 , 49 , -1
2822.362061 , -362.441010, 50
50 , -1 , -1 , -1
2802.200928 , -397.101013, 51
53 , 162 , 172 , -1
2802.222900 , -408.442993, 52
52 , 47 , -1 , -1
2772.270020 , -391.079010, 53
55 , 58 , -1 , -1
2600.175049 , -489.540985, 54
54 , 167 , -1 , -1
2568.908936 , -522.096985, 55
57 , 62 , -1 , -1
2502.245117 , -599.447998, 56
56 , 59 , -1 , -1
2549.177979 , -560.025024, 57
54 , -1 , -1 , -1
2669.732910 , -449.752014, 58
57 , 166 , -1 , -1
2558.052002 , -543.000977, 59
61 , 62 , -1 , -1
2400.782959 , -631.395996, 60
60 , 68 , -1 , -1
2389.761963 , -660.960022, 61
60 , 56 , -1 , -1
2414.573975 , -627.062988, 62
64 , 68 , -1 , -1
2464.751953 , -782.690002, 63
63 , 67 , -1 , -1
2508.623047 , -800.492004, 64
66 , 88 , 71 , -1
2704.780029 , -758.924988, 65
65 , 169 , -1 , -1
2669.423096 , -759.807007, 66
64 , -1 , -1 , -1
2575.197021 , -783.648010, 67
61 , 63 , -1 , -1
2432.378906 , -730.114990, 68
70 , 90 , -1 , -1
2947.354004 , -807.590027, 69
69 , 149 , -1 , -1
3013.510010 , -667.054993, 70
72 , 65 , 89 , -1
2754.333008 , -768.867004, 71
71 , 75 , 73 , -1
2802.222900 , -729.651978, 72
74 , 72 , -1 , -1
2802.222900 , -745.702026, 73
73 , -1 , -1 , -1
2834.333008 , -784.916016, 74
72 , 171 , -1 , -1
2802.228027 , -649.900024, 75
6 , -1 , -1 , -1
2802.228027 , -339.479004, 76
78 , 79 , -1 , -1
2735.783936 , -441.428009, 77
77 , 165 , 170 , -1
2690.674072 , -437.752991, 78
77 , 80 , 81 , -1
2831.759033 , -519.408020, 79
79 , 149 , -1 , -1
2895.789062 , -571.408997, 80
79 , -1 , -1 , -1
2802.201904 , -457.329987, 81
83 , 84 , -1 , -1
2591.247070 , -606.422974, 82
82 , 96 , -1 , -1
2580.687988 , -579.500977, 83
82 , -1 , -1 , -1
2600.525879 , -654.187988, 84
86 , -1 , -1 , -1
2594.312012 , -778.802002, 85
85 , 87 , -1 , -1
2609.365967 , -757.846008, 86
88 , 91 , 86 , -1
2605.544922 , -709.362976, 87
87 , 65 , -1 , -1
2637.531006 , -745.434021, 88
90 , 71 , -1 , -1
2834.354980 , -784.919983, 89
89 , 69 , -1 , -1
2862.395020 , -790.541992, 90
87 , 164 , -1 , -1
2602.083008 , -665.447998, 91
93 , 173 , -1 , -1
2973.802002 , -275.842010, 92
92 , -1 , -1 , -1
2993.855957 , -238.389008, 93
49 , 173 , -1 , -1
2902.563965 , -316.585999, 94
96 , -1 , -1 , -1
2563.297119 , -532.903015, 95
95 , 83 , -1 , -1
2564.031006 , -552.664978, 96
98 , 100 , -1 , -1
2965.847900 , 171.759003, 97
97 , 105 , 122 , -1
2886.011963 , 246.307999, 98
100 , 122 , 123 , -1
3046.385010 , 246.307999, 99
99 , 102 , 97 , -1
2966.593994 , 160.850006, 100
102 , -1 , -1 , -1
2993.877930 , -238.701004, 101
101 , 100 , -1 , -1
2991.211914 , -199.388000, 102
104 , 109 , 110 , -1
2684.387939 , -53.084999, 103
103 , 160 , -1 , -1
2690.923096 , -21.361000, 104
106 , 121 , 98 , -1
2866.288086 , 246.304001, 105
105 , 110 , -1 , -1
2792.822998 , 198.029007, 106
108 , 116 , -1 , -1
2730.946045 , 246.304001, 107
107 , 114 , -1 , -1
2690.946045 , 206.304001, 108
10 , 103 , -1 , -1
2672.657959 , -80.245003, 109
103 , 131 , 106 , -1
2782.349121 , 173.772995, 110
112 , 145 , 115 , -1
2690.923096 , 398.282990, 111
111 , 113 , 113 , 145
2610.923096 , 478.282990, 112
112 , 142 , 112 , -1
2583.754883 , 478.281006, 113
108 , 130 , 129 , -1
2690.945068 , 181.712006, 114
116 , 175 , 111 , -1
2690.909912 , 326.308014, 115
115 , 107 , 121 , -1
2770.931885 , 246.304001, 116
118 , 1 , -1 , -1
1915.583008 , -54.453999, 117
117 , 119 , -1 , -1
1895.561035 , -34.450001, 118
118 , 120 , -1 , -1
1832.220947 , -34.452000, 119
119 , 125 , -1 , -1
1679.933960 , -34.450001, 120
116 , 105 , -1 , -1
2818.513916 , 246.306000, 121
98 , 99 , -1 , -1
2996.360107 , 246.304001, 122
99 , 133 , -1 , -1
3256.617920 , 246.307999, 123
30 , 163 , 179 , -1
801.815979 , 181.557007, 124
120 , -1 , -1 , -1
1579.168945 , -34.449001, 125
127 , 4 , -1 , -1
2502.458984 , -74.459999, 126
126 , 128 , -1 , -1
2462.437012 , -34.456001, 127
127 , -1 , -1 , -1
2362.709961 , -34.457001, 128
130 , 114 , -1 , -1
2690.940918 , 141.712006, 129
129 , 114 , 132 , 131
2670.918945 , 161.716003, 130
110 , 130 , -1 , -1
2763.988037 , 161.701996, 131
130 , -1 , -1 , -1
2617.034912 , 161.714996, 132
123 , 134 , -1 , -1
3450.732910 , 246.307999, 133
133 , -1 , -1 , -1
3613.883057 , 246.309998, 134
136 , 139 , -1 , -1
2410.894043 , 594.403992, 135
135 , 141 , -1 , -1
2390.894043 , 574.403992, 136
138 , 140 , -1 , -1
2390.916016 , 498.268005, 137
137 , 142 , -1 , -1
2410.916016 , 478.268005, 138
140 , 143 , 135 , -1
2468.759033 , 594.370972, 139
139 , 141 , 137 , -1
2390.894043 , 514.403992, 140
142 , 136 , 140 , -1
2390.894043 , 558.276001, 141
141 , 138 , 113 , -1
2470.894043 , 478.276001, 142
139 , 144 , -1 , -1
2754.471924 , 594.403992, 143
143 , 147 , -1 , -1
2794.495117 , 554.400024, 144
146 , 112 , 111 , -1
2754.495117 , 478.292999, 145
145 , -1 , -1 , -1
2794.471924 , 518.296997, 146
144 , -1 , -1 , -1
2794.471924 , 518.317993, 147
149 , 152 , -1 , -1
2942.080078 , -574.786987, 148
148 , 70 , 80 , -1
2954.648926 , -619.231995, 149
151 , -1 , -1 , -1
2948.225098 , -290.470001, 150
150 , 153 , -1 , -1
2931.444092 , -341.239014, 151
153 , 148 , -1 , -1
2972.480957 , -488.808014, 152
152 , 151 , -1 , -1
2970.336914 , -430.045013, 153
155 , -1 , -1 , -1
2690.946045 , 201.804001, 154
154 , 156 , 157 , -1
2650.946045 , 241.804001, 155
155 , -1 , -1 , -1
2617.045898 , 241.806000, 156
155 , 174 , -1 , -1
2690.937012 , 281.803986, 157
159 , 160 , 161 , -1
2650.907959 , 81.674004, 158
158 , 176 , -1 , -1
2690.920898 , 121.057999, 159
158 , 104 , -1 , -1
2690.929932 , 41.669998, 160
158 , -1 , -1 , -1
2617.034912 , 81.669998, 161
52 , -1 , -1 , -1
2802.200928 , -397.157990, 162
31 , 124 , -1 , -1
756.335022 , 161.298996, 163
91 , -1 , -1 , -1
2600.549072 , -654.192017, 164
78 , -1 , -1 , -1
2669.766113 , -449.752014, 165
59 , -1 , -1 , -1
2563.274902 , -532.898987, 166
55 , -1 , -1 , -1
2563.287109 , -532.898987, 167
169 , -1 , -1 , -1
2575.179932 , -783.664978, 168
168 , 66 , -1 , -1
2594.333984 , -778.802002, 169
78 , -1 , -1 , -1
2772.292969 , -391.083008, 170
75 , -1 , -1 , -1
2802.228027 , -457.329987, 171
52 , -1 , -1 , -1
2802.219971 , -457.329987, 172
94 , 92 , -1 , -1
2948.225098 , -290.503998, 173
157 , -1 , -1 , -1
2690.946045 , 206.466003, 174
115 , -1 , -1 , -1
2690.947998 , 281.803986, 175
159 , -1 , -1 , -1
2690.920898 , 141.712006, 176
178 , -1 , -1 , -1
2690.902100 , 41.669998, 177
177 , -1 , -1 , -1
2690.902100 , 121.111000, 178
124 , -1 , -1 , -1
812.601990 , 202.294006, 179
0 , 302 , 19 , 0
0.000000 , 0.500000, 0
